#   numReq  seconds
0	10000	0.65282702445984
1	10000	0.66363596916199
2	10000	0.65261888504028
0	20000	1.3136630058289
1	20000	1.3263740539551
2	20000	1.3446609973907
0	30000	1.9757981300354
1	30000	1.9571409225464
2	30000	1.9772691726685
0	40000	3.0545420646667
1	40000	2.9627830982208
2	40000	2.9121971130371
0	50000	3.4594099521637
1	50000	3.665981054306
2	50000	3.595379114151
0	60000	4.2510540485382
1	60000	4.1306018829346
2	60000	4.2069809436798
0	70000	4.8463060855865
1	70000	4.8593089580536
2	70000	4.8721120357513
0	80000	5.6340689659119
1	80000	5.5772650241852
2	80000	5.778687953949
0	90000	6.2909820079803
1	90000	6.1142609119415
2	90000	6.1928508281708
0	100000	6.7499179840088
1	100000	7.3884739875793
2	100000	7.1043357849121
