#	numReq	seconds
0	10000	0.2423620223999
1	10000	0.21974897384644
2	10000	0.21942090988159
0	20000	0.43804907798767
1	20000	0.44282412528992
2	20000	0.45304989814758
0	30000	0.68988299369812
1	30000	0.73574304580688
2	30000	0.75996994972229
0	40000	0.88945722579956
1	40000	0.88184905052185
2	40000	0.87763214111328
0	50000	1.1627521514893
1	50000	1.1057770252228
2	50000	1.0960450172424
0	60000	1.3139169216156
1	60000	1.3223659992218
2	60000	1.3201458454132
0	70000	1.5465619564056
1	70000	1.5246520042419
2	70000	1.5292448997498
0	80000	1.7356560230255
1	80000	1.7315919399261
2	80000	1.7524950504303
0	90000	1.971832036972
1	90000	1.9673957824707
2	90000	1.9650070667267
0	100000	2.1799230575562
1	100000	2.2044751644135
2	100000	2.1905031204224
