#	numReq	seconds
0	10000	0.21835398674011
1	10000	0.21994495391846
2	10000	0.22308397293091
0	20000	0.44893908500671
1	20000	0.4422619342804
2	20000	0.45326900482178
0	30000	0.6962468624115
1	30000	0.68790984153748
2	30000	0.70345711708069
0	40000	0.96396708488464
1	40000	0.89108490943909
2	40000	0.8692569732666
0	50000	1.1158299446106
1	50000	1.126583814621
2	50000	1.0745251178741
0	60000	1.3613240718842
1	60000	1.3020329475403
2	60000	1.3369200229645
0	70000	1.5491080284119
1	70000	1.519730091095
2	70000	1.5444920063019
0	80000	1.775652885437
1	80000	1.750559091568
2	80000	1.7489819526672
0	90000	1.9961359500885
1	90000	1.9983170032501
2	90000	1.9787487983704
0	100000	2.213103055954
1	100000	2.2156789302826
2	100000	2.2342998981476
