#	numReq	seconds
0	100000	7.7132339477539
1	100000	7.2217180728912
2	100000	7.5847659111023
0	200000	14.521118879318
1	200000	13.769330978394
2	200000	13.593209028244
0	300000	20.361149072647
1	300000	20.798562049866
2	300000	20.479398012161
0	400000	27.196358919144
1	400000	27.537899971008
2	400000	27.210379123688
0	500000	33.908231973648
1	500000	33.883280038834
2	500000	33.964985847473
0	600000	42.392077207565
1	600000	44.457051992416
2	600000	40.757789134979
0	700000	47.515633106232
1	700000	47.063630819321
2	700000	47.520342826843
0	800000	57.300121068954
1	800000	58.492228031158
2	800000	59.296168088913
0	900000	65.683259010315
1	900000	66.713786125183
2	900000	70.541214942932
0	1000000	71.875733137131
1	1000000	66.845134019852
2	1000000	67.281518936157
