#	numReq	seconds
0	100000	2.1467661857605
1	100000	2.1902439594269
2	100000	2.4615471363068
0	200000	4.4566328525543
1	200000	4.3331069946289
2	200000	4.4402458667755
0	300000	7.1490299701691
1	300000	6.9163649082184
2	300000	6.5898280143738
0	400000	8.7047610282898
1	400000	8.6227948665619
2	400000	8.6458470821381
0	500000	10.855829954147
1	500000	10.936904907227
2	500000	10.940388917923
0	600000	13.060660839081
1	600000	12.987895011902
2	600000	13.095983982086
0	700000	15.347863912582
1	700000	15.386726140976
2	700000	15.322937965393
0	800000	17.492949962616
1	800000	17.444056034088
2	800000	17.296272993088
0	900000	19.678810834885
1	900000	19.667880058289
2	900000	19.559361219406
0	1000000	21.84480381012
1	1000000	21.801681041718
2	1000000	21.804073810577
